<?xml version="1.0" encoding="utf-8"?>
<COLLADA xmlns="http://www.collada.org/2005/11/COLLADASchema" version="1.4.1">
  <asset><contributor><author>Mixamo</author><authoring_tool>COLLADA Mixamo exporter</authoring_tool><comments></comments></contributor><created>2020-11-10T17:40:35Z</created><modified>2020-11-10T17:40:35Z</modified><revision></revision><title></title><unit meter="0.010000"/><up_axis>Y_UP</up_axis></asset>
  <library_animations>
    <animation id="mixamorig_Hips-anim" name="mixamorig_Hips"><source id="mixamorig_Hips-Matrix-animation-input"><float_array id="mixamorig_Hips-Matrix-animation-input-array" count="426">

0.000000 0.033333 0.066667 0.100000 0.133333 0.166667 0.200000 0.233333 0.266667 0.300000 0.333333 0.366667 0.400000 0.433333 0.466667 0.500000
0.533333 0.566667 0.600000 0.633333 0.666667 0.700000 0.733333 0.766667 0.800000 0.833333 0.866667 0.900000 0.933333 0.966667 1.000000 1.033333
1.066667 1.100000 1.133333 1.166667 1.200000 1.233333 1.266667 1.300000 1.333333 1.366667 1.400000 1.433333 1.466667 1.500000 1.533333 1.566667
1.600000 1.633333 1.666667 1.700000 1.733333 1.766667 1.800000 1.833333 1.866667 1.900000 1.933333 1.966667 2.000000 2.033333 2.066667 2.100000
2.133333 2.166667 2.200000 2.233333 2.266667 2.300000 2.333333 2.366667 2.400000 2.433333 2.466667 2.500000 2.533333 2.566667 2.600000 2.633333
2.666667 2.700000 2.733333 2.766667 2.800000 2.833333 2.866667 2.900000 2.933333 2.966667 3.000000 3.033333 3.066667 3.100000 3.133333 3.166667
3.200000 3.233333 3.266667 3.300000 3.333333 3.366667 3.400000 3.433333 3.466667 3.500000 3.533333 3.566667 3.600000 3.633333 3.666667 3.700000
3.733333 3.766667 3.800000 3.833333 3.866667 3.900000 3.933333 3.966667 4.000000 4.033333 4.066667 4.100000 4.133333 4.166667 4.200000 4.233333
4.266667 4.300000 4.333333 4.366667 4.400000 4.433333 4.466667 4.500000 4.533333 4.566667 4.600000 4.633333 4.666667 4.700000 4.733333 4.766667
4.800000 4.833333 4.866667 4.900000 4.933333 4.966667 5.000000 5.033333 5.066667 5.100000 5.133333 5.166667 5.200000 5.233333 5.266667 5.300000
5.333333 5.366667 5.400000 5.433333 5.466667 5.500000 5.533333 5.566667 5.600000 5.633333 5.666667 5.700000 5.733333 5.766667 5.800000 5.833333
5.866667 5.900000 5.933333 5.966667 6.000000 6.033333 6.066667 6.100000 6.133333 6.166667 6.200000 6.233333 6.266667 6.300000 6.333333 6.366667
6.400000 6.433333 6.466667 6.500000 6.533333 6.566667 6.600000 6.633333 6.666667 6.700000 6.733333 6.766667 6.800000 6.833333 6.866667 6.900000
6.933333 6.966667 7.000000 7.033333 7.066667 7.100000 7.133333 7.166667 7.200000 7.233333 7.266667 7.300000 7.333333 7.366667 7.400000 7.433333
7.466667 7.500000 7.533333 7.566667 7.600000 7.633333 7.666667 7.700000 7.733333 7.766667 7.800000 7.833333 7.866667 7.900000 7.933333 7.966667
8.000000 8.033333 8.066667 8.100000 8.133333 8.166667 8.200000 8.233333 8.266667 8.300000 8.333333 8.366667 8.400000 8.433333 8.466667 8.500000
8.533333 8.566667 8.600000 8.633333 8.666667 8.700000 8.733333 8.766667 8.800000 8.833333 8.866667 8.900000 8.933333 8.966667 9.000000 9.033333
9.066667 9.100000 9.133333 9.166667 9.200000 9.233333 9.266667 9.300000 9.333333 9.366667 9.400000 9.433333 9.466667 9.500000 9.533333 9.566667
9.600000 9.633333 9.666667 9.700000 9.733333 9.766667 9.800000 9.833333 9.866667 9.900000 9.933333 9.966667 10.000000 10.033333 10.066667 10.100000
10.133333 10.166667 10.200000 10.233333 10.266667 10.300000 10.333333 10.366667 10.400000 10.433333 10.466667 10.500000 10.533333 10.566667 10.600000 10.633333
10.666667 10.700000 10.733333 10.766667 10.800000 10.833333 10.866667 10.900000 10.933333 10.966667 11.000000 11.033333 11.066667 11.100000 11.133333 11.166667
11.200000 11.233333 11.266667 11.300000 11.333333 11.366667 11.400000 11.433333 11.466667 11.500000 11.533333 11.566667 11.600000 11.633333 11.666667 11.700000
11.733333 11.766667 11.800000 11.833333 11.866667 11.900000 11.933333 11.966667 12.000000 12.033333 12.066667 12.100000 12.133333 12.166667 12.200000 12.233333
12.266667 12.300000 12.333333 12.366667 12.400000 12.433333 12.466667 12.500000 12.533333 12.566667 12.600000 12.633333 12.666667 12.700000 12.733333 12.766667
12.800000 12.833333 12.866667 12.900000 12.933333 12.966667 13.000000 13.033333 13.066667 13.100000 13.133333 13.166667 13.200000 13.233333 13.266667 13.300000
13.333333 13.366667 13.400000 13.433333 13.466667 13.500000 13.533333 13.566667 13.600000 13.633333 13.666667 13.700000 13.733333 13.766667 13.800000 13.833333
13.866667 13.900000 13.933333 13.966667 14.000000 14.033333 14.066667 14.100000 14.133333 14.166667</float_array><technique_common><accessor source="#mixamorig_Hips-Matrix-animation-input-array" count="426"><param name="TIME" type="float"/></accessor></technique_common></source><source id="mixamorig_Hips-Matrix-animation-output-transform"><float_array id="mixamorig_Hips-Matrix-animation-output-transform-array" count="6816">

0.995864 0.086577 0.027572 0.397300 -0.087027 0.996084 0.015584 96.682579 -0.026115 -0.017920 0.999498 -0.402386 0.000000 0.000000 0.000000 1.000000
0.995870 0.086488 0.027614 0.375145 -0.086942 0.996090 0.015681 96.679451 -0.026149 -0.018017 0.999496 -0.412266 0.000000 0.000000 0.000000 1.000000
0.995879 0.086344 0.027738 0.351863 -0.086805 0.996099 0.015879 96.678139 -0.026259 -0.018221 0.999489 -0.420544 0.000000 0.000000 0.000000 1.000000
0.995890 0.086191 0.027814 0.327502 -0.086660 0.996108 0.016118 96.677567 -0.026317 -0.018462 0.999483 -0.427365 0.000000 0.000000 0.000000 1.000000
0.995899 0.086091 0.027811 0.302252 -0.086563 0.996114 0.016242 96.675819 -0.026305 -0.018583 0.999481 -0.432916 0.000000 0.000000 0.000000 1.000000
0.995903 0.086055 0.027781 0.275664 -0.086525 0.996119 0.016163 96.671631 -0.026282 -0.018501 0.999483 -0.437681 0.000000 0.000000 0.000000 1.000000
0.995904 0.086072 0.027695 0.247366 -0.086535 0.996121 0.015974 96.665756 -0.026212 -0.018305 0.999489 -0.442372 0.000000 0.000000 0.000000 1.000000
0.995909 0.086109 0.027396 0.218825 -0.086562 0.996121 0.015823 96.660553 -0.025928 -0.018129 0.999499 -0.447204 0.000000 0.000000 0.000000 1.000000
0.995930 0.086046 0.026808 0.193171 -0.086488 0.996128 0.015800 96.658539 -0.025344 -0.018054 0.999516 -0.451253 0.000000 0.000000 0.000000 1.000000
0.995984 0.085688 0.025942 0.172515 -0.086121 0.996155 0.016056 96.662445 -0.024467 -0.018226 0.999534 -0.452372 0.000000 0.000000 0.000000 1.000000
0.996079 0.084942 0.024726 0.155369 -0.085371 0.996207 0.016838 96.673882 -0.023202 -0.018883 0.999552 -0.449268 0.000000 0.000000 0.000000 1.000000
0.996204 0.083936 0.023088 0.138230 -0.084365 0.996267 0.018282 96.691162 -0.021468 -0.020160 0.999566 -0.443396 0.000000 0.000000 0.000000 1.000000
0.996328 0.082949 0.021223 0.118360 -0.083379 0.996312 0.020253 96.709579 -0.019465 -0.021948 0.999570 -0.437764 0.000000 0.000000 0.000000 1.000000
0.996417 0.082299 0.019471 0.095467 -0.082726 0.996323 0.022269 96.724228 -0.017567 -0.023800 0.999562 -0.433933 0.000000 0.000000 0.000000 1.000000
0.996457 0.082160 0.018003 0.073214 -0.082572 0.996308 0.023491 96.732964 -0.016006 -0.024895 0.999562 -0.429671 0.000000 0.000000 0.000000 1.000000
0.996456 0.082387 0.016980 0.058788 -0.082769 0.996299 0.023201 96.737289 -0.015006 -0.024524 0.999587 -0.419462 0.000000 0.000000 0.000000 1.000000
0.996444 0.082546 0.016875 0.057732 -0.082901 0.996325 0.021548 96.739853 -0.015035 -0.022870 0.999625 -0.398740 0.000000 0.000000 0.000000 1.000000
0.996445 0.082273 0.018123 0.069520 -0.082623 0.996390 0.019498 96.742477 -0.016453 -0.020926 0.999646 -0.366866 0.000000 0.000000 0.000000 1.000000
0.996466 0.081466 0.020481 0.090248 -0.081832 0.996489 0.017706 96.746223 -0.018966 -0.019320 0.999633 -0.321178 0.000000 0.000000 0.000000 1.000000
0.996527 0.079973 0.023189 0.118785 -0.080352 0.996639 0.015928 96.756081 -0.021837 -0.017736 0.999604 -0.250154 0.000000 0.000000 0.000000 1.000000
0.996662 0.077411 0.025922 0.157421 -0.077786 0.996875 0.013801 96.780914 -0.024773 -0.015772 0.999569 -0.143997 0.000000 0.000000 0.000000 1.000000
0.996861 0.073557 0.029270 0.209720 -0.073917 0.997199 0.011428 96.825172 -0.028348 -0.013556 0.999506 -0.015739 0.000000 0.000000 0.000000 1.000000
0.997030 0.068939 0.034326 0.277464 -0.069281 0.997558 0.008879 96.879745 -0.033630 -0.011230 0.999371 0.123686 0.000000 0.000000 0.000000 1.000000
0.997059 0.064444 0.041475 0.360331 -0.064744 0.997884 0.005923 96.932198 -0.041006 -0.008591 0.999122 0.268973 0.000000 0.000000 0.000000 1.000000
0.996909 0.060432 0.050209 0.456167 -0.060609 0.998160 0.001994 96.974190 -0.049996 -0.005031 0.998737 0.423153 0.000000 0.000000 0.000000 1.000000
0.996585 0.056658 0.060074 0.562297 -0.056558 0.998394 -0.003362 97.004425 -0.060168 -0.000047 0.998188 0.592936 0.000000 0.000000 0.000000 1.000000
0.996057 0.052848 0.071250 0.678810 -0.052270 0.998583 -0.009957 97.023323 -0.071676 0.006194 0.997409 0.786966 0.000000 0.000000 0.000000 1.000000
0.995278 0.048694 0.083964 0.807809 -0.047416 0.998728 -0.017145 97.028290 -0.084692 0.013083 0.996321 1.010783 0.000000 0.000000 0.000000 1.000000
0.994217 0.043919 0.098002 0.948971 -0.041707 0.998829 -0.024511 97.026009 -0.098964 0.020282 0.994884 1.261733 0.000000 0.000000 0.000000 1.000000
0.992821 0.038695 0.113177 1.100705 -0.035278 0.998864 -0.032040 97.025314 -0.114288 0.027817 0.993058 1.540315 0.000000 0.000000 0.000000 1.000000
0.991038 0.033029 0.129432 1.263709 -0.028131 0.998824 -0.039487 97.036285 -0.130584 0.035492 0.990802 1.859589 0.000000 0.000000 0.000000 1.000000
0.988962 0.026490 0.145785 1.445194 -0.019973 0.998742 -0.045989 97.067856 -0.146820 0.042570 0.988247 2.236458 0.000000 0.000000 0.000000 1.000000
0.986929 0.018773 0.160059 1.658113 -0.010760 0.998652 -0.050781 97.121292 -0.160796 0.048395 0.985800 2.684846 0.000000 0.000000 0.000000 1.000000
0.985365 0.010427 0.170137 1.917539 -0.001226 0.998535 -0.054099 97.193016 -0.170452 0.053099 0.983934 3.225389 0.000000 0.000000 0.000000 1.000000
0.984554 0.002336 0.175064 2.237539 0.007762 0.998346 -0.056973 97.268173 -0.174907 0.057452 0.982907 3.882342 0.000000 0.000000 0.000000 1.000000
0.984559 -0.004342 0.175002 2.626852 0.015139 0.998059 -0.060407 97.328079 -0.174400 0.062123 0.982713 4.676879 0.000000 0.000000 0.000000 1.000000
0.985365 -0.008315 0.170256 3.090294 0.019640 0.997696 -0.064941 97.352364 -0.169324 0.067334 0.983258 5.621502 0.000000 0.000000 0.000000 1.000000
0.986939 -0.009073 0.160840 3.635463 0.020636 0.997308 -0.070367 97.324219 -0.159768 0.072767 0.984469 6.717874 0.000000 0.000000 0.000000 1.000000
0.989044 -0.007645 0.147425 4.276134 0.018969 0.996961 -0.075559 97.250427 -0.146399 0.077527 0.986183 7.964086 0.000000 0.000000 0.000000 1.000000
0.991225 -0.006428 0.132032 5.030195 0.017035 0.996700 -0.079363 97.162018 -0.131086 0.080916 0.988063 9.354901 0.000000 0.000000 0.000000 1.000000
0.993145 -0.007881 0.116620 5.907445 0.017493 0.996510 -0.081624 97.102814 -0.115569 0.083104 0.989817 10.869228 0.000000 0.000000 0.000000 1.000000
0.994768 -0.012617 0.101380 6.894130 0.021089 0.996331 -0.082940 97.096939 -0.099961 0.084644 0.991384 12.474862 0.000000 0.000000 0.000000 1.000000
0.996173 -0.018954 0.085328 7.954425 0.026123 0.996148 -0.083707 97.124016 -0.083413 0.085616 0.992830 14.138871 0.000000 0.000000 0.000000 1.000000
0.997373 -0.025438 0.067821 9.051991 0.031081 0.996024 -0.083489 97.139168 -0.065427 0.085378 0.994198 15.817878 0.000000 0.000000 0.000000 1.000000
0.998322 -0.031582 0.048534 10.161454 0.035454 0.996074 -0.081109 97.160049 -0.045781 0.082694 0.995523 17.475044 0.000000 0.000000 0.000000 1.000000
0.998964 -0.036628 0.027005 11.248747 0.038589 0.996354 -0.076092 97.189423 -0.024119 0.077055 0.996735 19.072481 0.000000 0.000000 0.000000 1.000000
0.999237 -0.038918 0.003389 12.269091 0.039060 0.996740 -0.070588 97.174042 -0.000631 0.070667 0.997500 20.588861 0.000000 0.000000 0.000000 1.000000
0.999029 -0.039016 -0.020467 13.181586 0.037550 0.996998 -0.067710 97.087013 0.023048 0.066876 0.997495 22.007254 0.000000 0.000000 0.000000 1.000000
0.998378 -0.038475 -0.041962 13.966553 0.035573 0.997062 -0.067835 96.965820 0.044448 0.066232 0.996814 23.307570 0.000000 0.000000 0.000000 1.000000
0.997531 -0.036848 -0.059776 14.628016 0.032721 0.997107 -0.068607 96.889084 0.062131 0.066482 0.995851 24.482363 0.000000 0.000000 0.000000 1.000000
0.996683 -0.032426 -0.074645 15.182297 0.027300 0.997264 -0.068696 96.905334 0.076668 0.066430 0.994841 25.546587 0.000000 0.000000 0.000000 1.000000
0.995774 -0.025168 -0.088326 15.641694 0.019068 0.997418 -0.069231 97.014259 0.089841 0.067254 0.993683 26.517578 0.000000 0.000000 0.000000 1.000000
0.994614 -0.016703 -0.102294 16.009523 0.009384 0.997388 -0.071621 97.175720 0.103223 0.070275 0.992173 27.405933 0.000000 0.000000 0.000000 1.000000
0.993123 -0.008531 -0.116762 16.286161 -0.000375 0.997104 -0.076044 97.337120 0.117073 0.075564 0.990244 28.220158 0.000000 0.000000 0.000000 1.000000
0.991443 -0.001216 -0.130534 16.477474 -0.009515 0.996624 -0.081554 97.468231 0.130193 0.082098 0.988084 28.966383 0.000000 0.000000 0.000000 1.000000
0.989838 0.005225 -0.142102 16.592688 -0.017725 0.996065 -0.086841 97.575203 0.141089 0.088477 0.986035 29.647839 0.000000 0.000000 0.000000 1.000000
0.988534 0.010852 -0.150606 16.631966 -0.024819 0.995526 -0.091169 97.677086 0.148943 0.093861 0.984381 30.271299 0.000000 0.000000 0.000000 1.000000
0.987713 0.015718 -0.155483 16.585140 -0.030639 0.995097 -0.094039 97.781128 0.153243 0.097647 0.983352 30.846586 0.000000 0.000000 0.000000 1.000000
0.987550 0.019703 -0.156065 16.445005 -0.034843 0.994879 -0.094874 97.879288 0.153397 0.099131 0.983180 31.383144 0.000000 0.000000 0.000000 1.000000
0.988165 0.022268 -0.151768 16.214802 -0.036917 0.994850 -0.094396 97.949661 0.148884 0.098882 0.983898 31.890305 0.000000 0.000000 0.000000 1.000000
0.989597 0.022301 -0.142131 15.895750 -0.036076 0.994815 -0.095092 97.971245 0.139273 0.099230 0.985270 32.381527 0.000000 0.000000 0.000000 1.000000
0.991764 0.019003 -0.126665 15.471551 -0.031703 0.994581 -0.099018 97.922714 0.124097 0.102218 0.986991 32.880363 0.000000 0.000000 0.000000 1.000000
0.994453 0.011929 -0.104500 14.918386 -0.023067 0.994095 -0.106038 97.797195 0.102618 0.107860 0.988856 33.410587 0.000000 0.000000 0.000000 1.000000
0.997235 0.001151 -0.074304 14.240359 -0.009751 0.993262 -0.115483 97.612900 0.073670 0.115888 0.990527 33.965721 0.000000 0.000000 0.000000 1.000000
0.999307 -0.011438 -0.035410 13.481421 0.006796 0.991679 -0.128553 97.404312 0.036586 0.128224 0.991070 34.496651 0.000000 0.000000 0.000000 1.000000
0.999719 -0.021512 0.009974 12.691227 0.022751 0.988747 -0.147858 97.189186 -0.006681 0.148043 0.988958 34.944313 0.000000 0.000000 0.000000 1.000000
0.998098 -0.025090 0.056306 11.894600 0.034574 0.984073 -0.174368 96.959602 -0.051034 0.175983 0.983069 35.269287 0.000000 0.000000 0.000000 1.000000
0.994942 -0.022435 0.097912 11.100791 0.042261 0.977765 -0.205399 96.697701 -0.091127 0.208498 0.973768 35.466915 0.000000 0.000000 0.000000 1.000000
0.991125 -0.017445 0.131784 10.329515 0.048458 0.970551 -0.235970 96.411484 -0.123786 0.240262 0.962783 35.541088 0.000000 0.000000 0.000000 1.000000
0.987646 -0.013968 0.156078 9.613609 0.054998 0.963558 -0.261784 96.141251 -0.146733 0.267134 0.952423 35.470955 0.000000 0.000000 0.000000 1.000000
0.985702 -0.012260 0.168049 8.994630 0.059936 0.957631 -0.281691 95.895065 -0.157476 0.287736 0.944674 35.238647 0.000000 0.000000 0.000000 1.000000
0.985944 -0.009783 0.166791 8.513259 0.059975 0.952473 -0.298661 95.621475 -0.155942 0.304467 0.939671 34.875908 0.000000 0.000000 0.000000 1.000000
0.987650 -0.004774 0.156606 8.190377 0.055074 0.946327 -0.318483 95.251701 -0.146680 0.323175 0.934903 34.450966 0.000000 0.000000 0.000000 1.000000
0.989530 0.001911 0.144317 8.017981 0.048713 0.936816 -0.346415 94.770538 -0.135860 0.349818 0.926914 34.008579 0.000000 0.000000 0.000000 1.000000
0.990968 0.008730 0.133812 7.970936 0.043693 0.922402 -0.383751 94.224609 -0.126779 0.386131 0.913690 33.541534 0.000000 0.000000 0.000000 1.000000
0.992064 0.015048 0.124828 8.025077 0.040109 0.903064 -0.427630 93.677307 -0.119162 0.429243 0.895294 33.015316 0.000000 0.000000 0.000000 1.000000
0.993047 0.020103 0.115986 8.170766 0.037602 0.879517 -0.474380 93.163979 -0.111549 0.475443 0.872646 32.410183 0.000000 0.000000 0.000000 1.000000
0.994008 0.022840 0.106895 8.404936 0.036519 0.852341 -0.521710 92.687752 -0.103027 0.522487 0.846400 31.727140 0.000000 0.000000 0.000000 1.000000
0.994966 0.022843 0.097579 8.714719 0.036813 0.822299 -0.567863 92.236748 -0.093211 0.568597 0.817319 30.964075 0.000000 0.000000 0.000000 1.000000
0.995920 0.020064 0.087983 9.080067 0.038028 0.790865 -0.610808 91.782890 -0.081838 0.611662 0.786875 30.111900 0.000000 0.000000 0.000000 1.000000
0.996798 0.014299 0.078672 9.482060 0.040215 0.760750 -0.647798 91.292023 -0.069113 0.648888 0.757739 29.164207 0.000000 0.000000 0.000000 1.000000
0.997543 0.006128 0.069791 9.913330 0.042817 0.735152 -0.676549 90.736008 -0.055452 0.677874 0.733083 28.138275 0.000000 0.000000 0.000000 1.000000
0.998206 -0.002745 0.059817 10.373531 0.043810 0.714481 -0.698282 90.098557 -0.040821 0.699650 0.713319 27.091948 0.000000 0.000000 0.000000 1.000000
0.998822 -0.010637 0.047342 10.851222 0.041358 0.696897 -0.715978 89.390259 -0.025376 0.717093 0.696516 26.085505 0.000000 0.000000 0.000000 1.000000
0.999310 -0.016983 0.033042 11.315217 0.035749 0.681593 -0.730858 88.672707 -0.010109 0.731534 0.681730 25.139332 0.000000 0.000000 0.000000 1.000000
0.999582 -0.021785 0.019013 11.739305 0.028706 0.668772 -0.742914 88.011848 0.003469 0.743149 0.669117 24.243221 0.000000 0.000000 0.000000 1.000000
0.999669 -0.024665 0.007359 12.121579 0.021804 0.659553 -0.751342 87.424675 0.013678 0.751253 0.659872 23.385544 0.000000 0.000000 0.000000 1.000000
0.999697 -0.024616 -0.000676 12.466603 0.015657 0.656569 -0.754103 86.891335 0.019007 0.753864 0.656755 22.569067 0.000000 0.000000 0.000000 1.000000
0.999762 -0.021243 -0.004983 12.764314 0.010311 0.661239 -0.750104 86.372978 0.019230 0.749875 0.661301 21.824995 0.000000 0.000000 0.000000 1.000000
0.999855 -0.015910 -0.006083 12.991092 0.006163 0.670884 -0.741537 85.800972 0.015879 0.741392 0.670884 21.218678 0.000000 0.000000 0.000000 1.000000
0.999933 -0.010463 -0.004949 13.127893 0.003507 0.681358 -0.731941 85.102562 0.011031 0.731875 0.681350 20.801878 0.000000 0.000000 0.000000 1.000000
0.999977 -0.005698 -0.003734 13.177936 0.001233 0.690467 -0.723363 84.250526 0.006700 0.723342 0.690458 20.559963 0.000000 0.000000 0.000000 1.000000
0.999985 -0.001990 -0.005145 13.161921 -0.002297 0.697815 -0.716274 83.257927 0.005016 0.716275 0.697800 20.437218 0.000000 0.000000 0.000000 1.000000
0.999955 0.000162 -0.009468 13.101441 -0.006829 0.705063 -0.709112 82.126060 0.006561 0.709145 0.705032 20.395628 0.000000 0.000000 0.000000 1.000000
0.999914 0.001462 -0.013035 13.014122 -0.010143 0.716217 -0.697804 80.794609 0.008316 0.697876 0.716170 20.432091 0.000000 0.000000 0.000000 1.000000
0.999923 0.004070 -0.011711 12.921439 -0.010945 0.733494 -0.679608 79.161057 0.005824 0.679684 0.733482 20.562349 0.000000 0.000000 0.000000 1.000000
0.999940 0.008797 -0.006487 12.839947 -0.010894 0.753505 -0.657351 77.175079 -0.000894 0.657383 0.753556 20.817329 0.000000 0.000000 0.000000 1.000000
0.999888 0.014578 -0.003411 12.757222 -0.013432 0.772883 -0.634407 74.876976 -0.006612 0.634381 0.772992 21.198315 0.000000 0.000000 0.000000 1.000000
0.999760 0.021030 -0.006061 12.641212 -0.020391 0.794405 -0.607045 72.347931 -0.007951 0.607024 0.794644 21.641613 0.000000 0.000000 0.000000 1.000000
0.999535 0.028425 -0.011042 12.485273 -0.029647 0.821030 -0.570114 69.664772 -0.007140 0.570176 0.821491 22.085629 0.000000 0.000000 0.000000 1.000000
0.999292 0.035036 -0.013735 12.315662 -0.037010 0.848878 -0.527291 66.904579 -0.006815 0.527426 0.849574 22.547722 0.000000 0.000000 0.000000 1.000000
0.999145 0.038823 -0.014181 12.153447 -0.040823 0.873213 -0.485627 64.161087 -0.006470 0.485790 0.874051 23.056080 0.000000 0.000000 0.000000 1.000000
0.999070 0.040646 -0.014368 12.006829 -0.042785 0.893940 -0.446140 61.523674 -0.005289 0.446340 0.894848 23.580147 0.000000 0.000000 0.000000 1.000000
0.998979 0.042932 -0.014091 11.874040 -0.044950 0.912428 -0.406762 59.042336 -0.004607 0.406980 0.913425 24.077772 0.000000 0.000000 0.000000 1.000000
0.998834 0.046633 -0.012464 11.753793 -0.047942 0.928376 -0.368538 56.720062 -0.005615 0.368705 0.929529 24.554211 0.000000 0.000000 0.000000 1.000000
0.998635 0.051009 -0.011273 11.649162 -0.051839 0.940924 -0.334625 54.531578 -0.006462 0.334753 0.942284 25.044680 0.000000 0.000000 0.000000 1.000000
0.998381 0.055381 -0.013001 11.576585 -0.056707 0.950740 -0.304757 52.453682 -0.004517 0.305001 0.952341 25.551435 0.000000 0.000000 0.000000 1.000000
0.998096 0.059508 -0.016208 11.553886 -0.061671 0.959750 -0.274000 50.479256 -0.000750 0.274478 0.961593 26.026125 0.000000 0.000000 0.000000 1.000000
0.997838 0.063318 -0.017637 11.577868 -0.065700 0.968804 -0.238962 48.610580 0.001956 0.239604 0.970869 26.432545 0.000000 0.000000 0.000000 1.000000
0.997626 0.066657 -0.017308 11.626647 -0.068782 0.976947 -0.202099 46.859303 0.003438 0.202809 0.979212 26.788254 0.000000 0.000000 0.000000 1.000000
0.997458 0.069148 -0.017180 11.687510 -0.071053 0.983275 -0.167695 45.252602 0.005297 0.168489 0.985689 27.123081 0.000000 0.000000 0.000000 1.000000
0.997317 0.070984 -0.017868 11.763947 -0.072774 0.987784 -0.137795 43.830902 0.007869 0.138726 0.990300 27.433666 0.000000 0.000000 0.000000 1.000000
0.997177 0.072769 -0.018514 11.858868 -0.074407 0.990754 -0.113447 42.631752 0.010087 0.114504 0.993372 27.693415 0.000000 0.000000 0.000000 1.000000
0.997059 0.074462 -0.018106 11.969973 -0.075860 0.992519 -0.095664 41.665474 0.010847 0.096757 0.995249 27.887798 0.000000 0.000000 0.000000 1.000000
0.997004 0.075491 -0.016841 12.099389 -0.076644 0.993533 -0.083776 40.904743 0.010408 0.084816 0.996342 28.026472 0.000000 0.000000 0.000000 1.000000
0.996966 0.076061 -0.016551 12.254691 -0.077101 0.994159 -0.075526 40.308468 0.010710 0.076573 0.997006 28.117607 0.000000 0.000000 0.000000 1.000000
0.996831 0.077349 -0.018587 12.440628 -0.078464 0.994486 -0.069570 39.852455 0.013104 0.070808 0.997404 28.156538 0.000000 0.000000 0.000000 1.000000
0.996545 0.080053 -0.022128 12.660582 -0.081352 0.994503 -0.065917 39.526886 0.016730 0.067490 0.997580 28.144760 0.000000 0.000000 0.000000 1.000000
0.996158 0.083612 -0.026032 12.916356 -0.085135 0.994296 -0.064245 39.313751 0.020512 0.066215 0.997595 28.092604 0.000000 0.000000 0.000000 1.000000
0.995724 0.087120 -0.030719 13.204737 -0.088931 0.994008 -0.063559 39.182457 0.024997 0.066019 0.997505 28.011732 0.000000 0.000000 0.000000 1.000000
0.995239 0.090192 -0.036948 13.517200 -0.092397 0.993722 -0.063087 39.104984 0.031026 0.066200 0.997324 27.918226 0.000000 0.000000 0.000000 1.000000
0.994690 0.092855 -0.044391 13.842755 -0.095541 0.993443 -0.062786 39.066525 0.038270 0.066693 0.997039 27.835142 0.000000 0.000000 0.000000 1.000000
0.994068 0.095243 -0.052511 14.165298 -0.098487 0.993135 -0.063114 39.059685 0.046139 0.067911 0.996624 27.785168 0.000000 0.000000 0.000000 1.000000
0.993346 0.097437 -0.061390 14.465611 -0.101347 0.992780 -0.064164 39.072823 0.054695 0.069959 0.996049 27.780886 0.000000 0.000000 0.000000 1.000000
0.992551 0.099172 -0.070761 14.725536 -0.103809 0.992460 -0.065170 39.092575 0.063765 0.072030 0.995362 27.819065 0.000000 0.000000 0.000000 1.000000
0.991786 0.100120 -0.079605 14.937502 -0.105418 0.992276 -0.065382 39.106895 0.072444 0.073236 0.994680 27.888809 0.000000 0.000000 0.000000 1.000000
0.991107 0.100534 -0.087177 15.107018 -0.106371 0.992192 -0.065111 39.108852 0.079950 0.073805 0.994063 27.977896 0.000000 0.000000 0.000000 1.000000
0.990479 0.101097 -0.093437 15.240561 -0.107400 0.992084 -0.065079 39.096916 0.086118 0.074495 0.993496 28.075600 0.000000 0.000000 0.000000 1.000000
0.989877 0.102125 -0.098560 15.334392 -0.108846 0.991905 -0.065399 39.073227 0.091083 0.075464 0.992980 28.174728 0.000000 0.000000 0.000000 1.000000
0.989335 0.103343 -0.102650 15.383260 -0.110407 0.991714 -0.065686 39.040115 0.095011 0.076319 0.992546 28.270649 0.000000 0.000000 0.000000 1.000000
0.988892 0.104471 -0.105732 15.393392 -0.111774 0.991562 -0.065665 38.997963 0.097980 0.076753 0.992224 28.359106 0.000000 0.000000 0.000000 1.000000
0.988558 0.105464 -0.107841 15.377319 -0.112925 0.991437 -0.065575 38.947575 0.100002 0.077003 0.992003 28.438242 0.000000 0.000000 0.000000 1.000000
0.988328 0.106289 -0.109131 15.338597 -0.113880 0.991310 -0.065850 38.893169 0.101184 0.077509 0.991844 28.511990 0.000000 0.000000 0.000000 1.000000
0.988200 0.106841 -0.109751 15.274042 -0.114523 0.991210 -0.066233 38.839119 0.101710 0.078020 0.991750 28.584764 0.000000 0.000000 0.000000 1.000000
0.988204 0.106883 -0.109677 15.187837 -0.114539 0.991221 -0.066041 38.784885 0.101655 0.077824 0.991771 28.656744 0.000000 0.000000 0.000000 1.000000
0.988392 0.106128 -0.108706 15.092340 -0.113613 0.991388 -0.065131 38.725185 0.100858 0.076726 0.991938 28.728523 0.000000 0.000000 0.000000 1.000000
0.988780 0.104617 -0.106629 14.995664 -0.111791 0.991690 -0.063671 38.654564 0.099082 0.074877 0.992258 28.804890 0.000000 0.000000 0.000000 1.000000
0.989287 0.102849 -0.103603 14.898820 -0.109556 0.992091 -0.061259 38.568260 0.096483 0.071953 0.992730 28.888407 0.000000 0.000000 0.000000 1.000000
0.989775 0.101435 -0.100281 14.805846 -0.107521 0.992552 -0.057263 38.462738 0.093725 0.067460 0.993310 28.970907 0.000000 0.000000 0.000000 1.000000
0.990146 0.100695 -0.097318 14.730351 -0.106101 0.992992 -0.052059 38.342365 0.091394 0.061871 0.993891 29.037169 0.000000 0.000000 0.000000 1.000000
0.990384 0.100526 -0.095050 14.688501 -0.105352 0.993315 -0.047177 38.221706 0.089673 0.056737 0.994354 29.072510 0.000000 0.000000 0.000000 1.000000
0.990497 0.100452 -0.093938 14.688848 -0.104931 0.993505 -0.044020 38.115894 0.088906 0.053459 0.994604 29.066591 0.000000 0.000000 0.000000 1.000000
0.990493 0.099848 -0.094628 14.730138 -0.104234 0.993640 -0.042591 38.028820 0.089774 0.052050 0.994601 29.016544 0.000000 0.000000 0.000000 1.000000
0.990408 0.098197 -0.097208 14.802579 -0.102632 0.993844 -0.041717 37.951778 0.092513 0.051293 0.994389 28.929554 0.000000 0.000000 0.000000 1.000000
0.990324 0.095316 -0.100860 14.891514 -0.099794 0.994191 -0.040311 37.871834 0.096432 0.049987 0.994084 28.822189 0.000000 0.000000 0.000000 1.000000
0.990328 0.091505 -0.104291 14.984265 -0.095904 0.994666 -0.037965 37.781342 0.100261 0.047600 0.993822 28.714426 0.000000 0.000000 0.000000 1.000000
0.990482 0.087396 -0.106332 15.068581 -0.091521 0.995204 -0.034547 37.682045 0.102803 0.043950 0.993730 28.620289 0.000000 0.000000 0.000000 1.000000
0.990790 0.083722 -0.106424 15.130445 -0.087366 0.995723 -0.030048 37.578159 0.103453 0.039069 0.993867 28.543442 0.000000 0.000000 0.000000 1.000000
0.991205 0.080963 -0.104675 15.159356 -0.083997 0.996155 -0.024908 37.471935 0.102256 0.033482 0.994194 28.481123 0.000000 0.000000 0.000000 1.000000
0.991670 0.079218 -0.101564 15.157412 -0.081601 0.996474 -0.019520 37.363987 0.099659 0.027645 0.994638 28.430775 0.000000 0.000000 0.000000 1.000000
0.992121 0.078380 -0.097741 15.136160 -0.080097 0.996692 -0.013766 37.258457 0.096339 0.021487 0.995117 28.389147 0.000000 0.000000 0.000000 1.000000
0.992488 0.078254 -0.094039 15.106459 -0.079331 0.996818 -0.007762 37.165504 0.093133 0.015164 0.995538 28.349844 0.000000 0.000000 0.000000 1.000000
0.992732 0.078538 -0.091191 15.074806 -0.079071 0.996866 -0.002248 37.093163 0.090729 0.009442 0.995831 28.306147 0.000000 0.000000 0.000000 1.000000
0.992840 0.078979 -0.089619 15.046103 -0.079084 0.996865 0.002391 37.038055 0.089527 0.004714 0.995973 28.254280 0.000000 0.000000 0.000000 1.000000
0.992797 0.079583 -0.089556 15.024471 -0.079305 0.996828 0.006657 36.988201 0.089802 0.000493 0.995960 28.193392 0.000000 0.000000 0.000000 1.000000
0.992599 0.080467 -0.090957 15.011366 -0.079789 0.996750 0.011077 36.932213 0.091553 -0.003738 0.995793 28.124992 0.000000 0.000000 0.000000 1.000000
0.992315 0.081480 -0.093124 15.004708 -0.080378 0.996643 0.015532 36.866058 0.094077 -0.007928 0.995533 28.053354 0.000000 0.000000 0.000000 1.000000
0.992081 0.082168 -0.094989 15.000251 -0.080667 0.996550 0.019541 36.793526 0.096266 -0.011724 0.995287 27.984024 0.000000 0.000000 0.000000 1.000000
0.991979 0.082190 -0.096029 14.992107 -0.080363 0.996506 0.022751 36.722458 0.097564 -0.014851 0.995118 27.921528 0.000000 0.000000 0.000000 1.000000
0.991991 0.081628 -0.096384 14.976376 -0.079553 0.996513 0.025179 36.660557 0.098103 -0.017309 0.995026 27.869165 0.000000 0.000000 0.000000 1.000000
0.992084 0.080816 -0.096117 14.954902 -0.078545 0.996540 0.027190 36.612381 0.097981 -0.019425 0.994999 27.829056 0.000000 0.000000 0.000000 1.000000
0.992244 0.080005 -0.095142 14.931152 -0.077559 0.996562 0.029140 36.578865 0.097146 -0.021535 0.995037 27.802195 0.000000 0.000000 0.000000 1.000000
0.992441 0.079313 -0.093653 14.906509 -0.076708 0.996568 0.031104 36.559013 0.095798 -0.023685 0.995119 27.787909 0.000000 0.000000 0.000000 1.000000
0.992651 0.078698 -0.091924 14.880830 -0.075959 0.996567 0.032924 36.550442 0.094199 -0.025699 0.995222 27.784588 0.000000 0.000000 0.000000 1.000000
0.992895 0.077903 -0.089952 14.851422 -0.075066 0.996581 0.034508 36.547405 0.092333 -0.027511 0.995348 27.789232 0.000000 0.000000 0.000000 1.000000
0.993186 0.076802 -0.087657 14.815125 -0.073883 0.996614 0.036079 36.541992 0.090132 -0.029357 0.995497 27.798479 0.000000 0.000000 0.000000 1.000000
0.993486 0.075634 -0.085232 14.772915 -0.072626 0.996640 0.037861 36.529030 0.087809 -0.031424 0.995642 27.810925 0.000000 0.000000 0.000000 1.000000
0.993742 0.074735 -0.083015 14.728710 -0.071632 0.996638 0.039760 36.506790 0.085707 -0.033565 0.995755 27.823675 0.000000 0.000000 0.000000 1.000000
0.993940 0.074165 -0.081140 14.684539 -0.070971 0.996612 0.041567 36.475109 0.083948 -0.035556 0.995836 27.828743 0.000000 0.000000 0.000000 1.000000
0.994088 0.073847 -0.079600 14.641644 -0.070571 0.996570 0.043217 36.436195 0.082519 -0.037344 0.995890 27.819588 0.000000 0.000000 0.000000 1.000000
0.994164 0.073997 -0.078500 14.603048 -0.070641 0.996500 0.044706 36.393856 0.081533 -0.038899 0.995911 27.799398 0.000000 0.000000 0.000000 1.000000
0.994144 0.074872 -0.077928 14.573530 -0.071441 0.996387 0.045928 36.351604 0.081086 -0.040092 0.995900 27.773907 0.000000 0.000000 0.000000 1.000000
0.994064 0.076129 -0.077722 14.552791 -0.072636 0.996259 0.046820 36.312080 0.080996 -0.040896 0.995875 27.745768 0.000000 0.000000 0.000000 1.000000
0.993997 0.077010 -0.077713 14.537785 -0.073468 0.996168 0.047456 36.277523 0.081069 -0.041462 0.995846 27.718748 0.000000 0.000000 0.000000 1.000000
0.993960 0.077183 -0.078017 14.527968 -0.073587 0.996134 0.047971 36.249912 0.081418 -0.041941 0.995797 27.698742 0.000000 0.000000 0.000000 1.000000
0.993911 0.077076 -0.078745 14.521522 -0.073406 0.996123 0.048492 36.230469 0.082177 -0.042416 0.995715 27.688946 0.000000 0.000000 0.000000 1.000000
0.993826 0.077163 -0.079722 14.516242 -0.073418 0.996103 0.048879 36.220253 0.083182 -0.042725 0.995618 27.684414 0.000000 0.000000 0.000000 1.000000
0.993737 0.077346 -0.080648 14.511940 -0.073578 0.996100 0.048696 36.219650 0.084100 -0.042457 0.995552 27.676460 0.000000 0.000000 0.000000 1.000000
0.993685 0.077340 -0.081299 14.508327 -0.073634 0.996147 0.047639 36.226089 0.084670 -0.041351 0.995551 27.661806 0.000000 0.000000 0.000000 1.000000
0.993680 0.077174 -0.081508 14.500202 -0.073600 0.996227 0.045977 36.232056 0.084748 -0.039688 0.995612 27.646687 0.000000 0.000000 0.000000 1.000000
0.993707 0.077023 -0.081328 14.480913 -0.073595 0.996302 0.044351 36.230217 0.084443 -0.038087 0.995700 27.641232 0.000000 0.000000 0.000000 1.000000
0.993741 0.076815 -0.081100 14.452461 -0.073503 0.996364 0.043072 36.221146 0.084114 -0.036842 0.995775 27.652035 0.000000 0.000000 0.000000 1.000000
0.993795 0.076259 -0.080966 14.422569 -0.073042 0.996445 0.041974 36.211868 0.083879 -0.035800 0.995833 27.679585 0.000000 0.000000 0.000000 1.000000
0.993912 0.075183 -0.080540 14.393085 -0.072069 0.996561 0.040902 36.207817 0.083338 -0.034849 0.995912 27.720837 0.000000 0.000000 0.000000 1.000000
0.994106 0.073771 -0.079442 14.358829 -0.070767 0.996691 0.039985 36.209476 0.082129 -0.034128 0.996037 27.773098 0.000000 0.000000 0.000000 1.000000
0.994338 0.072422 -0.077764 14.315539 -0.069518 0.996801 0.039425 36.213905 0.080371 -0.033796 0.996192 27.832485 0.000000 0.000000 0.000000 1.000000
0.994559 0.071390 -0.075865 14.265154 -0.068572 0.996878 0.039135 36.218735 0.078422 -0.033720 0.996350 27.893732 0.000000 0.000000 0.000000 1.000000
0.994747 0.070723 -0.074002 14.213010 -0.067978 0.996925 0.038987 36.223606 0.076531 -0.033752 0.996496 27.953035 0.000000 0.000000 0.000000 1.000000
0.994891 0.070424 -0.072339 14.162905 -0.067723 0.996936 0.039133 36.228489 0.074873 -0.034034 0.996612 28.008224 0.000000 0.000000 0.000000 1.000000
0.994978 0.070424 -0.071132 14.117741 -0.067726 0.996916 0.039654 36.232582 0.073706 -0.034638 0.996678 28.056753 0.000000 0.000000 0.000000 1.000000
0.995010 0.070506 -0.070593 14.080387 -0.067776 0.996884 0.040352 36.233948 0.073218 -0.035366 0.996689 28.094038 0.000000 0.000000 0.000000 1.000000
0.995008 0.070382 -0.070744 14.051204 -0.067606 0.996874 0.040894 36.230820 0.073401 -0.035907 0.996656 28.115013 0.000000 0.000000 0.000000 1.000000
0.994982 0.069941 -0.071542 14.027353 -0.067130 0.996902 0.040980 36.223122 0.074187 -0.035972 0.996595 28.120314 0.000000 0.000000 0.000000 1.000000
0.994930 0.069360 -0.072821 14.005684 -0.066532 0.996959 0.040569 36.211418 0.075414 -0.035519 0.996520 28.117901 0.000000 0.000000 0.000000 1.000000
0.994868 0.068830 -0.074169 13.983848 -0.066000 0.997019 0.039959 36.194569 0.076698 -0.034859 0.996445 28.117651 0.000000 0.000000 0.000000 1.000000
0.994826 0.068317 -0.075194 13.958784 -0.065494 0.997075 0.039390 36.171837 0.077665 -0.034261 0.996391 28.124470 0.000000 0.000000 0.000000 1.000000
0.994824 0.067750 -0.075730 13.927808 -0.064951 0.997133 0.038827 36.146568 0.078143 -0.033707 0.996372 28.136997 0.000000 0.000000 0.000000 1.000000
0.994854 0.067242 -0.075791 13.890662 -0.064493 0.997189 0.038147 36.126324 0.078143 -0.033062 0.996394 28.152439 0.000000 0.000000 0.000000 1.000000
0.994892 0.066960 -0.075545 13.848866 -0.064285 0.997234 0.037306 36.117157 0.077834 -0.032259 0.996444 28.170765 0.000000 0.000000 0.000000 1.000000
0.994920 0.066918 -0.075210 13.804323 -0.064327 0.997267 0.036352 36.119408 0.077437 -0.031330 0.996505 28.193405 0.000000 0.000000 0.000000 1.000000
0.994940 0.067004 -0.074864 13.760916 -0.064505 0.997292 0.035317 36.128639 0.077027 -0.030310 0.996568 28.220676 0.000000 0.000000 0.000000 1.000000
0.994959 0.067112 -0.074516 13.724794 -0.064716 0.997320 0.034128 36.137962 0.076606 -0.029134 0.996636 28.251984 0.000000 0.000000 0.000000 1.000000
0.994968 0.067233 -0.074283 13.700261 -0.064942 0.997348 0.032845 36.140457 0.076294 -0.027856 0.996696 28.286671 0.000000 0.000000 0.000000 1.000000
0.994949 0.067422 -0.074375 13.686692 -0.065215 0.997367 0.031715 36.132507 0.076318 -0.026704 0.996726 28.322514 0.000000 0.000000 0.000000 1.000000
0.994887 0.067684 -0.074952 13.682267 -0.065533 0.997375 0.030793 36.116192 0.076840 -0.025724 0.996712 28.356009 0.000000 0.000000 0.000000 1.000000
0.994795 0.067927 -0.075951 13.687019 -0.065820 0.997383 0.029901 36.096928 0.077784 -0.024746 0.996663 28.384068 0.000000 0.000000 0.000000 1.000000
0.994697 0.068013 -0.077150 13.700268 -0.065959 0.997404 0.028877 36.079285 0.078914 -0.023635 0.996601 28.405346 0.000000 0.000000 0.000000 1.000000
0.994610 0.067921 -0.078338 13.718143 -0.065934 0.997440 0.027681 36.064976 0.080018 -0.022367 0.996542 28.420914 0.000000 0.000000 0.000000 1.000000
0.994543 0.067816 -0.079279 13.735041 -0.065916 0.997477 0.026343 36.053993 0.080865 -0.020974 0.996504 28.433306 0.000000 0.000000 0.000000 1.000000
0.994503 0.067887 -0.079715 13.746496 -0.066092 0.997502 0.024944 36.045597 0.081209 -0.019538 0.996506 28.445034 0.000000 0.000000 0.000000 1.000000
0.994493 0.068202 -0.079576 13.750026 -0.066522 0.997506 0.023577 36.038284 0.080985 -0.018154 0.996550 28.458761 0.000000 0.000000 0.000000 1.000000
0.994501 0.068742 -0.079002 13.745296 -0.067171 0.997490 0.022380 36.030025 0.080342 -0.016951 0.996623 28.476385 0.000000 0.000000 0.000000 1.000000
0.994517 0.069429 -0.078197 13.734046 -0.067940 0.997457 0.021542 36.020092 0.079493 -0.016111 0.996705 28.498526 0.000000 0.000000 0.000000 1.000000
0.994535 0.070074 -0.077398 13.719177 -0.068645 0.997421 0.020974 36.010605 0.078668 -0.015547 0.996780 28.524948 0.000000 0.000000 0.000000 1.000000
0.994554 0.070440 -0.076809 13.704341 -0.069080 0.997406 0.020229 36.004646 0.078035 -0.014813 0.996841 28.554306 0.000000 0.000000 0.000000 1.000000
0.994581 0.070496 -0.076413 13.692780 -0.069223 0.997417 0.019186 36.002182 0.077568 -0.013792 0.996892 28.582706 0.000000 0.000000 0.000000 1.000000
0.994601 0.070436 -0.076209 13.685308 -0.069244 0.997434 0.018175 36.001354 0.077294 -0.012800 0.996926 28.607359 0.000000 0.000000 0.000000 1.000000
0.994593 0.070442 -0.076306 13.680036 -0.069314 0.997444 0.017327 36.002155 0.077332 -0.011945 0.996934 28.630579 0.000000 0.000000 0.000000 1.000000
0.994566 0.070546 -0.076563 13.674561 -0.069473 0.997446 0.016589 36.004200 0.077537 -0.011180 0.996927 28.654636 0.000000 0.000000 0.000000 1.000000
0.994552 0.070664 -0.076636 13.668005 -0.069639 0.997444 0.015969 36.004990 0.077568 -0.010545 0.996931 28.678478 0.000000 0.000000 0.000000 1.000000
0.994563 0.070736 -0.076432 13.659533 -0.069758 0.997445 0.015398 36.003086 0.077325 -0.009982 0.996956 28.700150 0.000000 0.000000 0.000000 1.000000
0.994577 0.070809 -0.076179 13.647519 -0.069889 0.997447 0.014682 35.999893 0.077024 -0.009278 0.996986 28.718388 0.000000 0.000000 0.000000 1.000000
0.994567 0.070987 -0.076140 13.631537 -0.070144 0.997443 0.013692 35.997345 0.076917 -0.008277 0.997003 28.732323 0.000000 0.000000 0.000000 1.000000
0.994527 0.071296 -0.076374 13.612532 -0.070546 0.997431 0.012472 35.996616 0.077067 -0.007016 0.997001 28.742504 0.000000 0.000000 0.000000 1.000000
0.994475 0.071617 -0.076746 13.591331 -0.070956 0.997415 0.011303 35.997002 0.077357 -0.005795 0.996987 28.751080 0.000000 0.000000 0.000000 1.000000
0.994439 0.071785 -0.077057 13.569047 -0.071178 0.997407 0.010607 35.995380 0.077619 -0.005063 0.996970 28.759022 0.000000 0.000000 0.000000 1.000000
0.994436 0.071687 -0.077194 13.548326 -0.071087 0.997415 0.010500 35.988861 0.077747 -0.004954 0.996961 28.765362 0.000000 0.000000 0.000000 1.000000
0.994456 0.071299 -0.077295 13.532212 -0.070685 0.997442 0.010664 35.976925 0.077858 -0.005141 0.996951 28.768059 0.000000 0.000000 0.000000 1.000000
0.994467 0.070684 -0.077706 13.521243 -0.070053 0.997485 0.010815 35.959400 0.078275 -0.005311 0.996918 28.764545 0.000000 0.000000 0.000000 1.000000
0.994451 0.069876 -0.078642 13.513501 -0.069224 0.997541 0.010986 35.935204 0.079216 -0.005482 0.996842 28.752554 0.000000 0.000000 0.000000 1.000000
0.994417 0.068842 -0.079977 13.505814 -0.068152 0.997611 0.011317 35.903782 0.080566 -0.005803 0.996732 28.731600 0.000000 0.000000 0.000000 1.000000
0.994395 0.067580 -0.081307 13.493141 -0.066839 0.997694 0.011803 35.867676 0.081917 -0.006303 0.996619 28.704082 0.000000 0.000000 0.000000 1.000000
0.994431 0.066150 -0.082041 13.469864 -0.065359 0.997786 0.012294 35.832886 0.082672 -0.006863 0.996553 28.675365 0.000000 0.000000 0.000000 1.000000
0.994564 0.064586 -0.081677 13.431460 -0.063766 0.997885 0.012610 35.804691 0.082319 -0.007333 0.996579 28.648382 0.000000 0.000000 0.000000 1.000000
